0.919416606426239 3.5798056817590384e-15 1.4677274461227648e-16
0.9318090677261353 3.831859198530141e-15 1.3969888850794014e-16
0.9445163011550904 4.723588108568567e-15 1.2615848151060825e-16
0.9575546979904176 5.206631747397615e-15 1.58778834758512e-16
0.970915138721466 5.915285567994086e-15 1.9688845046597098e-16
0.9846078753471375 6.7450908250326596e-15 2.0869167839684597e-16
0.9986364245414733 7.217655424324587e-15 1.8530816304844069e-16
1.0129963159561155 7.952325851530181e-15 2.8410529796082094e-16
1.0276885032653809 9.312448404439325e-15 2.2105572808168998e-16
1.0427119731903076 1.044361514576156e-14 2.7982375046905033e-16
1.0580644607543943 1.1540895238522388e-14 2.899083598889359e-16
1.0737419128417969 1.2097658757327474e-14 2.4785530657183327e-16
1.0897386074066162 1.1804110623525366e-14 2.773155885144546e-16
1.1060532331466675 9.662618823889817e-15 2.710230803085235e-16
1.1226751804351807 8.419262650461363e-15 2.251871630296605e-16
1.1395928859710691 8.109770264261783e-15 2.246290456675235e-16
1.1568033695220947 8.288962634435105e-15 2.750687901246552e-16
1.1742901802062988 8.47150340653451e-15 1.9476597167822231e-16
1.1920459270477295 1.049509352553078e-14 2.548779484447484e-16
1.2100530862808228 1.2510293803908786e-14 4.2957102224435183e-16
1.228305459022522 1.445384534154711e-14 3.897849516739931e-16
1.246782898902893 1.494756733858528e-14 3.3351801057664495e-16
1.265471577644348 1.629009360756675e-14 3.4755074718396187e-16
1.2843592166900635 1.6586516685708394e-14 3.591318508601381e-16
1.3034288883209229 1.5381786210550207e-14 3.9749111554664316e-16
1.3226641416549683 1.2484491675413891e-14 3.7515753163707947e-16
1.3420497179031372 5.883141043148964e-15 1.5040481632714706e-16
1.361570119857788 2.959518500166661e-15 7.086839004139403e-17
1.3812099695205688 2.7770793589511983e-15 7.056997915234042e-17
1.4009538888931274 2.6803055415504043e-15 8.109807995720436e-17
1.4207870960235596 2.504402265665802e-15 6.741072436041585e-17
1.4406951665878296 2.868589967296157e-15 8.254030475937947e-17
1.46066415309906 3.820149767005651e-15 8.984480247461332e-17
1.4806805849075315 4.461805677695162e-15 1.3913848022615854e-16
1.5007317066192627 5.3721902627011925e-15 1.7097021889304442e-16
1.5208053588867188 6.71879051059956e-15 1.9804426153041664e-16
1.540890097618103 8.505863898716444e-15 2.5256163923030374e-16
1.621133804321289 1.0279077586934155e-14 2.3817300377140203e-16
1.6411253213882446 9.76719876321963e-15 2.062289218975905e-16
1.661073088645935 9.406654803025866e-15 2.3918082446663795e-16
1.6809701919555664 9.05325834473217e-15 2.0747924216364187e-16
1.700810432434082 8.610040027786574e-15 1.7698382554336021e-16
1.7205880880355835 7.643694282815333e-15 1.850217489521552e-16
1.7402976751327515 6.528087799464198e-15 1.498787662206898e-16
1.7599350214004517 5.2093176456322275e-15 1.4904706649954462e-16
1.7794950008392332 4.234955778227512e-15 1.0742258846626488e-16
1.798974633216858 3.4256459005329358e-15 7.747065038503846e-17
1.8183701038360596 3.036295241527811e-15 5.592439530992531e-17
1.8376786708831787 2.8617876872817272e-15 6.907856785424177e-17
1.8568979501724243 2.5433730017034564e-15 4.9751879184221437e-17
1.876025438308716 2.6325285967416673e-15 4.888532305873064e-17
1.8950592279434204 3.1294332267623017e-15 5.866249723656928e-17
1.9139964580535889 3.2429007624921853e-15 5.954267988961397e-17
1.932836890220642 2.94270219428174e-15 4.7267499777299866e-17
1.9515798091888428 2.7259889760844508e-15 4.273509129991539e-17
1.9702240228652956 2.9459509600088837e-15 3.5179184532783464e-17
1.9887666702270508 3.1840029275121803e-15 6.773078619150997e-17
2.007209539413452 3.4860618616167856e-15 9.085223330558636e-17
2.025552034378052 4.0751549370575045e-15 1.0036879119416802e-16
2.043792247772217 4.513964223199594e-15 1.0423785116124171e-16
2.0619316101074214 4.713723907723886e-15 1.0688746951276479e-16
2.079970121383667 5.142430128438957e-15 9.363712164059788e-17
2.0979061126708984 5.27708263398885e-15 1.1294377977718165e-16
2.115742444992065 5.295417045581887e-15 1.164029287045058e-16
2.133476734161377 5.0460237061853156e-15 1.1156951149824057e-16
2.151111602783203 4.972908359823773e-15 7.242186718830372e-17
2.1686458587646484 4.650914102463793e-15 9.366773977201876e-17
2.1860814094543457 4.226785677685416e-15 5.1977694607747504e-17
2.2034175395965576 3.575266057171039e-15 6.121624877674327e-17
2.220656633377075 3.237674502124841e-15 3.9854703484529983e-17
2.2377967834472656 3.0145582807139713e-15 5.1066848705195527e-17
2.2548415660858154 2.7251655659632888e-15 3.718731679694321e-17
2.271789073944092 2.5226530148457496e-15 3.527468843970099e-17
2.288642168045044 2.259919836130472e-15 3.4159531329357566e-17
2.3054015636444087 2.017093822010618e-15 2.4444141088779637e-17
2.322065830230713 1.8773759394444176e-15 2.383033211245072e-17
2.3386383056640625 1.672461834693178e-15 3.175090082415474e-17
2.3551199436187744 1.746817710212047e-15 2.6958275507218094e-17
2.371509075164795 1.782161128492795e-15 2.3738008340771915e-17
2.3878087997436523 1.7605217096528177e-15 2.4840085968221557e-17
2.404019832611084 1.907928674105166e-15 3.1116418287257846e-17
2.4201433658599854 2.0128636781432946e-15 2.816766654471209e-17
2.436178207397461 2.017605243723455e-15 2.4111307706006342e-17
2.452126979827881 2.0106712676885616e-15 2.2468234053895292e-17
2.4679908752441406 1.915936286994384e-15 2.318443774282496e-17
2.483770608901977 1.8098557633802695e-15 2.978435453235555e-17
2.499466896057129 1.6720182785918405e-15 3.09569593123638e-17
2.515080690383911 1.5138355176313021e-15 2.2829915602057382e-17
2.5306122303009038 1.358278289455071e-15 2.093640651600023e-17
2.54606294631958 1.2655598248303302e-15 2.517703759957106e-17
2.561433792114258 1.1952167324771758e-15 2.0593257769416276e-17
2.576725959777832 1.2189980025372246e-15 2.225551128054558e-17
2.59194016456604 1.1872751391693286e-15 2.1413402589440735e-17
2.607077121734619 1.2801147876053568e-15 2.2726375686275838e-17
2.622138023376465 1.4199581719500896e-15 2.3817606553188804e-17
2.637123346328736 1.5551008779964856e-15 2.3286684356599586e-17
2.652034282684326 1.6295082023288569e-15 2.31267324695138e-17
2.6668715476989746 1.3493180764827228e-15 2.3572512440720173e-17
2.6816358566284175 1.0153073192389327e-15 3.353168492989904e-17
2.696328401565552 1.0479131369069848e-15 2.1170168319189776e-17
2.710949897766113 1.1046046370012413e-15 1.9155179643373628e-17
2.72550106048584 1.1843118438348877e-15 1.9051691127534722e-17
2.7399823665618896 1.285840056394708e-15 2.060118068662168e-17
2.75439453125 1.3133012668233528e-15 2.0644133969228488e-17
2.7687387466430664 1.2102468161925418e-15 2.3965620617023742e-17
2.783015966415405 1.1999025926085924e-15 2.173810195878773e-17
2.7972269058227535 1.2424087521706912e-15 2.151342456907939e-17
2.8113722801208496 1.239111465645378e-15 2.738715129892655e-17
2.825453281402588 1.3262225088846487e-15 2.3846696710569634e-17
2.8394689559936523 1.320974676216383e-15 2.0054771098229076e-17
2.853421211242676 1.3237236589228793e-15 2.148637657338859e-17
2.8673110008239746 1.4025191806763426e-15 2.0766946991075823e-17
2.881139039993286 1.4644858646263478e-15 2.1254588064769592e-17
2.8949058055877686 1.5300695643151446e-15 2.1800992190809072e-17
2.908610820770264 1.5803175293584138e-15 1.9517758391436514e-17
2.9222562313079834 1.643964578613859e-15 1.851989944541412e-17
2.9358432292938232 1.7368971058817373e-15 2.24847792628566e-17
2.9493703842163086 1.6885356036971213e-15 2.4145932263973702e-17
2.962839603424072 1.7532219514033598e-15 2.055407796903563e-17
2.97625184059143 1.842911975354638e-15 2.1992351320276484e-17
2.989607334136963 1.912810669951355e-15 2.2479018783167242e-17
3.0029056072235107 1.9017790798697087e-15 2.0580456458463432e-17
3.0161495208740234 1.9452854641394085e-15 2.4370139122720697e-17
3.029337882995605 1.9979725449795574e-15 2.1799688429828785e-17
3.042471408843994 2.0028044698355415e-15 2.0496509332793735e-17
3.0555522441864014 1.89704744278842e-15 1.7952646861553476e-17
3.0685782432556152 1.84848161777236e-15 1.8499654587317068e-17
3.081552505493164 1.7453292138837632e-15 1.7538712750420777e-17
3.0944747924804688 1.582503080050677e-15 1.9122396571444228e-17
3.107344627380371 1.4950631769640614e-15 1.7244118612557167e-17
3.1201646327972408 1.3732974613855956e-15 1.584961630557713e-17
3.132932424545288 1.223918297710676e-15 1.6548300234140178e-17
3.1456518173217773 1.0834550341169402e-15 1.6000515953117622e-17
3.158320188522339 9.959153701915633e-16 1.6029327550641785e-17
3.170940637588501 9.214489930650865e-16 1.745963709073044e-17
3.1835117340087886 8.643804080328418e-16 1.6129024722200432e-17
3.196035623550415 8.101086479051867e-16 1.4073397147548998e-17
3.208510875701904 7.890508154536386e-16 1.2982051415401098e-17
3.220940351486206 8.097915283427253e-16 1.4441768815587226e-17
3.233321666717529 8.485248001485379e-16 1.6944224242829318e-17
3.2456583976745605 9.172790397130836e-16 1.379769816020294e-17
3.257948398590088 1.0134697273940965e-15 1.4912804986386768e-17
3.270194292068481 1.0976429021476356e-15 1.9126822732331435e-17
3.28239369392395 1.2058500987497385e-15 1.729083940599419e-17
3.294549942016601 1.2727454149202657e-15 1.7800646339875877e-17
3.3066611289978027 1.1330199161360343e-15 1.6632431726095964e-17
3.318729877471924 6.392556503260104e-16 1.2504219882466869e-17
3.330755710601806 4.110200183609398e-16 1.0647925251665887e-17
3.3419575691223145 4.779299042640674e-16 9.229182932056311e-18
3.3539004325866695 6.467581091496817e-16 1.6395611192159323e-17
3.365802049636841 8.513808098281918e-16 1.718425477317836e-17
3.377661228179932 9.38950753248166e-16 1.644484943952105e-17
3.389479875564575 9.628078642515386e-16 1.43925796832002e-17
3.401257276535034 9.848743575914925e-16 1.633481345176658e-17
3.412993907928467 9.420082549670694e-16 2.0999873897342476e-17
3.4246914386749268 9.35539828900116e-16 1.8051495577852065e-17
3.4363486766815186 9.398012953702936e-16 1.6363147836817022e-17
3.4479668140411377 9.462225609778865e-16 1.5546142347337113e-17
3.4595463275909424 9.586411036949441e-16 1.6193207969987374e-17
3.471086978912353 9.647969443116534e-16 1.6519185665580306e-17
3.48258900642395 9.80604678437385e-16 1.6912279103258125e-17
3.494053363800049 9.994690201544418e-16 1.3673496847775524e-17
3.5054802894592285 1.0448929898865837e-15 1.9155154425166728e-17
3.516869306564331 1.0652058474449351e-15 2.1886599825688696e-17
3.528221845626831 1.1139882935875107e-15 1.478700674101958e-17
3.539538621902466 1.1560051667374254e-15 1.5335918209181663e-17
3.5508179664611816 1.2286400024856691e-15 1.837709643919376e-17
3.5620613098144527 1.2807902019279936e-15 1.8443657559371525e-17
3.573269367218017 1.3276379227415182e-15 1.6564133168424768e-17
3.5844426155090328 1.3904118442213555e-15 1.625641009134799e-17
3.5955798625946045 1.4398026409358651e-15 1.635204095759975e-17
3.6066825389862065 1.5280472551953933e-15 1.6983596084552603e-17
3.6177506446838374 1.5853780915968486e-15 1.5594833702892086e-17
3.628784894943237 1.6724743200358278e-15 1.7794956990632513e-17
3.639785289764404 1.7381356885458697e-15 1.5875229069814837e-17
3.6507518291473384 1.8575003949659897e-15 1.8219233730471686e-17
3.6616852283477774 1.9075850927993924e-15 2.142192573278768e-17
3.672585010528565 1.970242913425626e-15 1.9220894257362375e-17
3.6834521293640137 2.1046012548305334e-15 1.927773871707211e-17
3.694287061691284 2.1417659812674482e-15 1.8794511185963496e-17
3.705090045928955 2.1833737107579347e-15 2.355409194215102e-17
3.7158603668212886 2.2453653239324003e-15 2.2309659763752416e-17
3.7265992164611816 2.29994657003429e-15 2.152104466111427e-17
3.737305879592896 2.332613881402163e-15 2.957410516465928e-17
3.7479815483093266 2.413070229575181e-15 2.093056864063076e-17
3.7586269378662105 2.46427387647452e-15 2.205295552583347e-17
3.769241333007813 2.487179430099797e-15 3.706483797080577e-17
3.7798247337341304 2.523286726948903e-15 3.7582361420928137e-17
3.7903780937194815 2.5176373093826466e-15 2.987761702057308e-17
3.800901889801025 2.5605134525901203e-15 1.944520237838648e-17
3.811394929885864 2.651252805926591e-15 1.9923646311257726e-17
3.8218586444854736 2.6947137601540555e-15 2.7998214464321864e-17
3.8322930335998535 2.7049788755113556e-15 2.430746308702581e-17
3.842698335647583 2.6692837976567667e-15 3.820997300861608e-17
3.8530745506286626 2.7162662627350842e-15 2.905337182563212e-17
3.8634228706359854 2.7962227641636834e-15 3.019453368544327e-17
3.8737418651580806 2.8239951794694565e-15 3.051563042688036e-17
3.884032726287842 2.8529900224036117e-15 2.3754696136181743e-17
3.8942959308624263 2.8223128515716667e-15 3.200093247446981e-17
3.9045310020446777 2.9245717598580825e-15 2.4587357405154027e-17
3.914738416671753 2.877988904358518e-15 3.8879592817721694e-17
3.924918413162232 2.8919174570499047e-15 2.608452464390104e-17
3.935070753097534 2.892786428011566e-15 2.3303099951517333e-17
3.9451966285705566 2.8524795845955583e-15 3.4871601308419854e-17
3.9552950859069824 2.8221781311975326e-15 5.4392737347964096e-17
3.965367078781128 2.928808032493273e-15 2.4078716169240927e-17
3.975412845611572 2.919410180592055e-15 4.068243282796839e-17
3.985432147979736 2.915732160087611e-15 2.5094860300965792e-17
3.99542498588562 2.9249758949928186e-15 3.72753778099941e-17
4.005392074584961 2.8903174763044206e-15 3.224931591550309e-17
4.015333652496338 2.8777272698686255e-15 4.700244866492257e-17
4.025249481201172 2.8744485325633422e-15 2.8476351993410986e-17
4.035140037536621 2.7974151134063626e-15 4.0403805534823e-17
4.045005798339844 2.9228823337020282e-15 2.586417457742322e-17
4.054845809936523 2.888090722307794e-15 2.7097319952192663e-17
4.064661502838135 2.84973298025651e-15 3.441579715783447e-17
4.07445192337036 2.804882455038768e-15 3.6435940572851935e-17
4.08421802520752 2.7358873480782876e-15 2.936528342173937e-17
4.0939598083496085 2.835205608595691e-15 2.975001954081083e-17
4.103677749633789 2.7699601959399867e-15 2.0869796233642822e-17
4.1133713722229 2.6596401481005097e-15 2.6909943317172067e-17
4.123041152954102 2.6293991757818774e-15 3.070920672320819e-17
4.132687091827393 2.606828389720088e-15 1.9300755341652232e-17
4.142309665679932 2.5933786028218085e-15 1.8083126333580044e-17
4.15190887451172 2.518912933432432e-15 2.8314556052064874e-17
4.161485195159912 2.4441167799823592e-15 1.745238530126286e-17
4.1710381507873535 2.362252520754138e-15 1.8184693253955283e-17
4.180568218231201 2.2275975308409342e-15 2.296751766801724e-17
4.190075397491455 2.097577624967969e-15 1.7757572569838195e-17
4.199559688568115 1.9454036173251846e-15 1.880582623120356e-17
4.20902156829834 1.7787850536261293e-15 2.1128572427760727e-17
4.218461036682129 1.6227138139000749e-15 1.79671651441648e-17
4.227878570556641 1.508584774536579e-15 1.7671519363166168e-17
4.237273693084717 1.4225865117351285e-15 2.2702762555316723e-17
4.246647357940674 1.3929462678114267e-15 2.1068387370082254e-17
4.255999565124512 1.3812934125759908e-15 1.8462382810359202e-17
4.265329360961913 1.3671243932999454e-15 2.3983794277085264e-17
4.2746381759643555 1.3553901490655372e-15 1.9053570677962054e-17
4.28392505645752 1.4059407710914967e-15 1.786328339241027e-17
4.2931904792785645 1.385410261554034e-15 1.8786852715708775e-17
4.3024353981018075 1.3651554849860051e-15 1.7022036666742576e-17
4.311659336090088 1.314947872262833e-15 2.269722831558668e-17
4.320862770080566 1.324505750096156e-15 2.5762585859438486e-17
4.330044746398926 1.3293716218090942e-15 1.7407457117994865e-17
4.3392062187194815 1.2763647558054491e-15 2.144297060511011e-17
4.348347187042236 1.2391435632252706e-15 1.544617833657219e-17
4.357468128204346 1.2240032263324744e-15 1.6692544500686075e-17
4.3665690422058105 1.2125227187902774e-15 1.7456463756798086e-17
4.375649929046631 1.163686065485208e-15 1.6670774236086852e-17
4.384710311889648 1.1571089070503938e-15 1.6634994623935563e-17
4.393750667572021 1.1007232822158224e-15 1.4580888196646817e-17
4.402771472930908 1.0651557599896767e-15 1.9087970979978894e-17
4.411772727966309 1.0582083653321824e-15 1.437262036261703e-17
4.420754909515381 9.944264480627007e-16 1.9606079547405884e-17
4.429717063903809 9.085031857711556e-16 1.3801857997588854e-17
4.43865966796875 8.786435234929456e-16 1.4701345213319195e-17
4.4475836753845215 8.493669976778337e-16 1.605510265022228e-17
4.456488609313965 8.028812662543882e-16 1.541566991336743e-17
4.465374946594238 7.5862366738600035e-16 1.8232373726105564e-17
4.4742417335510245 7.462204872153718e-16 1.3270622506026336e-17
4.483089923858643 6.788651526760475e-16 1.3201143410865014e-17
4.49191951751709 6.626205272868151e-16 1.256481757296448e-17
4.5007309913635245 6.45729539177975e-16 1.2825003548241756e-17
4.509523391723633 6.227544920857743e-16 1.4401980455848462e-17
4.5182976722717285 5.845433854700298e-16 1.1820354955222056e-17
4.5270538330078125 5.923801692906113e-16 1.4863282471855126e-17
4.535792350769042 5.688169715592364e-16 1.160792625125543e-17
4.544512271881104 5.627878074814983e-16 1.1025794937953792e-17
4.553214073181152 5.379616849195171e-16 1.269873047292802e-17
4.561898708343506 5.249362446368813e-16 1.3397498635792171e-17
4.570565700531006 5.201885992396577e-16 1.1555635000241855e-17
4.579214572906494 5.234180734517304e-16 1.1519120813085084e-17
4.587845802307129 5.31824581201853e-16 1.2234075779587386e-17
4.596459865570068 5.502126043548115e-16 1.1398314252554908e-17
4.605057239532472 5.691018296371319e-16 1.3866744895859557e-17
4.613636016845703 5.705060198190882e-16 1.2450910924964017e-17
4.622198581695557 5.660237435747317e-16 1.3276574956076688e-17
4.630744457244873 5.823637072532189e-16 1.1563663424034938e-17
4.639272689819336 6.014051852074337e-16 1.2517740599549986e-17
4.647783756256104 6.137671026914918e-16 1.314284317368774e-17
4.6562790870666495 6.909372161083078e-16 1.6113091003776253e-17
4.664757251739502 7.634118525309363e-16 1.5399967077002818e-17
4.673218250274657 7.688274475488448e-16 1.4291809270668225e-17
4.681663036346436 7.15410626671095e-16 1.8911769752799897e-17
4.690092086791992 7.08649830332445e-16 1.357514176741442e-17
4.6985039710998535 6.871381649596978e-16 1.399028289763305e-17
4.706900119781494 6.641275865746084e-16 1.3499703195964864e-17
4.715280055999756 6.397265492037042e-16 1.2209729278299774e-17
4.72364330291748 6.167956043853138e-16 1.2390452803535583e-17
4.7319912910461435 5.830885189220309e-16 1.4258985116028947e-17
4.740323066711426 5.685386813269888e-16 1.5347797718360293e-17
4.748638629913329 5.877409563188938e-16 1.031076595906034e-17
4.756938934326172 5.781269429725395e-16 1.3298937320565076e-17
4.765223979949951 5.8280939654303245e-16 1.2555476062828662e-17
4.7734923362731925 5.742881734135158e-16 1.3093163352728424e-17
4.781745910644531 5.665497721603121e-16 1.3491125090460778e-17
4.7899842262268075 5.585009348716759e-16 1.1996248507717275e-17
4.798206329345703 5.826893730787289e-16 1.1007831132692112e-17
4.806413650512695 5.983174170661118e-16 1.4377558762832996e-17
4.814606189727783 6.060407632114381e-16 1.1750501202927328e-17
4.822782516479492 6.128502806614861e-16 1.1862813880110647e-17
4.830945014953612 6.228528023423682e-16 1.4044621092151283e-17
4.839091777801514 6.23124152000983e-16 1.1209071655721057e-17
4.84722375869751 6.15391064056615e-16 1.3059992321702099e-17
4.855340957641602 6.173721214946908e-16 1.2777463915569842e-17
4.863443374633789 6.220621419975726e-16 1.2219730158242959e-17
4.871531009674072 6.191222339408991e-16 1.1679015832161489e-17
4.8796043395996085 6.235186746125302e-16 1.3448183380392304e-17
4.887662410736084 6.449948610424029e-16 1.3424659380922446e-17
4.895707130432129 6.522260676926836e-16 1.2003235335504399e-17
4.903736591339111 6.523692429148963e-16 1.0956637666684464e-17
4.911751747131348 6.616371892703245e-16 1.0831743592023888e-17
4.919753074645996 6.64917788586607e-16 1.3634467012981195e-17
4.92773962020874 6.629249392374195e-16 1.2985982137566647e-17
4.935712814331056 6.52681095855743e-16 1.1485883075893042e-17
4.943671226501465 6.829730402357648e-16 1.2374773786185498e-17
4.951615810394287 6.642743679002908e-16 1.431521373679443e-17
4.9595465660095215 6.764073031044258e-16 1.3282557105144788e-17
4.967463493347168 7.022413857332796e-16 1.2605306577815863e-17
4.975366592407227 7.370358016213431e-16 1.2285512054816932e-17
4.983255863189696 7.704070421878102e-16 1.1845715815789394e-17
4.991131782531737 7.779102685752121e-16 1.2807059047308582e-17
4.998993396759033 7.730416925733413e-16 1.2608898495924556e-17
5.006842136383057 7.618185038352783e-16 1.721645754884497e-17
5.014677047729492 7.368831117750306e-16 1.157484186983e-17
5.022498607635497 7.090358776212178e-16 1.3022120953213e-17
5.030306816101073 7.465162292110821e-16 1.224774379773435e-17
5.038101673126221 7.841072020726149e-16 1.3405489429474987e-17
5.045883655548096 7.971378709189445e-16 1.313397699415607e-17
5.053651809692383 8.290794936921893e-16 1.3845067304103882e-17
5.061407089233398 8.3899229880806335e-16 1.155963806502045e-17
5.0691494941711435 8.614383454547505e-16 1.200516256463933e-17
5.076878547668457 8.498471018472626e-16 1.235760217965865e-17
5.084595203399657 8.18839872777246e-16 1.2305861891011321e-17
5.092298030853272 8.638235246453848e-16 1.1054452616650036e-17
5.09998893737793 9.06275855783439e-16 1.4190452576095336e-17
5.107666492462158 8.554026470256199e-16 1.1956811642210987e-17
5.115332126617432 8.181681455290636e-16 1.0767909241340432e-17
5.122983932495117 8.701206768692595e-16 1.0735878214563421e-17
5.130624294281006 8.553496093129328e-16 1.1395839451549584e-17
5.138251304626465 7.995157603380334e-16 9.38779555957401e-18
5.145866394042969 7.557077573345005e-16 1.1406038479944473e-17
5.153468132019042 7.819314109614332e-16 1.126843860565579e-17
5.16105842590332 8.360762484190469e-16 1.1349362020992224e-17
5.168635845184326 8.499108958866934e-16 1.095051056991549e-17
5.176201343536377 8.594717337941769e-16 1.067437692919588e-17
5.183754444122314 8.960416629158482e-16 1.2121392998099304e-17
5.191295623779297 9.209944109208427e-16 1.0466459143508843e-17
5.198823928833008 8.68301739595529e-16 1.1598057784296873e-17
5.20634126663208 7.89105859084658e-16 1.1546947287594663e-17
5.213845729827881 7.622801392084137e-16 1.4786368045294847e-17
5.2213382720947275 7.813018087882541e-16 1.0649146528591412e-17
5.228818893432617 8.460484137559351e-16 1.1193635572157943e-17
5.236288070678711 8.790312367105832e-16 1.1327868851109753e-17
5.24374532699585 8.474145270432597e-16 1.1135492890778286e-17
5.251190662384033 8.682706843603684e-16 1.0983649045306268e-17
5.258624076843262 8.789739257641599e-16 1.2803454221037942e-17
5.266046524047852 8.743976148175769e-16 1.4572134967321526e-17
5.273456573486328 7.970489251234926e-16 1.1290882320593938e-17
