9.073463678359985352e-01 3.150298101680464909e-15 9.787580069882773980e-18
9.194166064262390137e-01 3.696393448544843773e-15 1.021136864751143663e-17
9.318090677261352539e-01 4.005063641709903914e-15 1.037189399876455379e-17
9.445163011550903320e-01 4.833933863832157826e-15 1.066422086937207858e-17
9.575546979904174805e-01 5.493910763008220905e-15 1.095294048853366866e-17
9.709151387214660645e-01 6.356462835396480932e-15 1.176603805530631272e-17
9.846078753471374512e-01 7.148074694262650284e-15 1.152137102484769303e-17
9.986364245414733887e-01 7.515259432481705004e-15 1.135042269304211657e-17
1.012996315956115723e+00 8.470616330596495836e-15 1.225315903956167369e-17
1.027688503265380859e+00 9.697034505852755971e-15 1.284491426393424152e-17
1.042711973190307617e+00 1.092734537981315396e-14 1.334097749070860321e-17
1.058064460754394531e+00 1.204488986610231084e-14 1.352460577637431284e-17
1.073741912841796875e+00 1.245184805007760827e-14 1.331931090600990298e-17
1.089738607406616211e+00 1.213741733484205230e-14 1.252506522042573111e-17
1.106053233146667480e+00 1.022270920642338764e-14 1.145240339322418500e-17
1.122675180435180664e+00 8.856571777826797008e-15 9.984550973706843146e-18
1.139592885971069336e+00 8.593014319311265648e-15 9.542341900605858601e-18
1.156803369522094727e+00 8.947307510004847836e-15 9.661184197488071235e-18
1.174290180206298828e+00 8.940788561721052455e-15 9.228745731398431497e-18
1.192045927047729492e+00 1.102124203907422481e-14 1.055034514641598405e-17
1.210053086280822754e+00 1.331060385060492446e-14 1.116898923338050252e-17
1.228305459022521973e+00 1.515559273870449802e-14 1.212043295086919269e-17
1.246782898902893066e+00 1.560420996665405791e-14 1.225907073434637860e-17
1.265471577644348145e+00 1.685214125248292699e-14 1.202627393161710794e-17
1.284359216690063477e+00 1.719570436287625524e-14 1.227535832783074808e-17
1.303428888320922852e+00 1.622497429969763263e-14 1.205286700812997810e-17
1.322664141654968262e+00 1.335262228565000561e-14 1.105634060480180881e-17
1.342049717903137207e+00 6.212822408243046830e-15 7.269630896847784304e-18
1.361570119857788086e+00 3.079319811287638867e-15 5.238673197942805457e-18
1.381209969520568848e+00 2.869363574636502652e-15 4.893952989283511172e-18
1.400953888893127441e+00 2.739286902061098452e-15 4.940852927374602615e-18
1.420787096023559570e+00 2.602889861741465673e-15 4.679533612059029953e-18
1.440695166587829590e+00 3.026618998818919075e-15 4.981008037135295719e-18
1.460664153099060059e+00 3.988866041794307115e-15 5.575589616956273926e-18
1.480680584907531738e+00 4.807128588677779918e-15 6.027856279393778051e-18
1.500731706619262695e+00 5.672735038734850184e-15 6.589277730693344771e-18
1.520805358886718750e+00 7.146508225687032929e-15 7.785283871704868360e-18
1.540890097618103027e+00 9.018532220663679557e-15 8.601609444482337342e-18
1.621133804321289062e+00 1.077362397324067393e-14 9.942026942446748931e-18
1.641125321388244629e+00 1.016853747185585900e-14 9.652148679125434590e-18
1.661073088645935059e+00 9.945950141226632758e-15 9.943450846282938733e-18
1.680970191955566406e+00 9.499865002587961932e-15 9.556981942343030421e-18
1.700810432434082031e+00 8.967846141375684942e-15 9.100010224480943788e-18
1.720588088035583496e+00 8.047249702274824795e-15 8.477913321320483276e-18
1.740297675132751465e+00 6.783997764508167511e-15 8.291380618743150561e-18
1.759935021400451660e+00 5.533089623140324524e-15 6.656093672652898461e-18
1.779495000839233398e+00 4.428501591603313825e-15 6.084684157387160471e-18
1.798974633216857910e+00 3.565336710814432886e-15 5.872799647481990039e-18
1.818370103836059570e+00 3.119045205366587354e-15 5.378997388957439225e-18
1.837678670883178711e+00 2.976086910578997056e-15 4.947714286577711251e-18
1.856897950172424316e+00 2.611161288742695126e-15 4.649536670759362682e-18
1.876025438308715820e+00 2.687422831429010956e-15 5.180581295774599564e-18
1.895059227943420410e+00 3.242922428084494856e-15 5.242314166609572835e-18
1.913996458053588867e+00 3.325247653455440891e-15 5.130131961466630706e-18
1.932836890220642090e+00 3.008852804528442084e-15 4.766224068308569672e-18
1.951579809188842773e+00 2.791863530000860771e-15 4.439719644748745464e-18
1.970224022865295410e+00 2.984109888341476655e-15 5.042410273407371438e-18
1.988766670227050781e+00 3.284653831820851441e-15 4.816752605788018222e-18
2.007209539413452148e+00 3.664605773548386454e-15 5.113678852954615729e-18
2.025552034378051758e+00 4.264696534607849247e-15 5.218376468941973596e-18
2.043792247772216797e+00 4.712027846338378024e-15 5.510944100628526667e-18
2.061931610107421875e+00 4.906487389614645644e-15 5.605237218497612386e-18
2.079970121383666992e+00 5.273294870055169830e-15 5.891261020190811833e-18
2.097906112670898438e+00 5.449026707417967456e-15 5.721755290425847833e-18
2.115742444992065430e+00 5.445238207550202353e-15 5.774946623173416984e-18
2.133476734161376953e+00 5.279636406110157438e-15 5.488633052274756399e-18
2.151111602783203125e+00 5.089538469563841709e-15 5.662047328393708851e-18
2.168645858764648438e+00 4.827431273327031321e-15 5.503738461930968549e-18
2.186081409454345703e+00 4.283299384849685824e-15 5.095075436741706590e-18
2.203417539596557617e+00 3.678476782569140460e-15 4.860413665758932708e-18
2.220656633377075195e+00 3.301768155457359410e-15 4.438599768480823292e-18
2.237796783447265625e+00 3.078509251714545929e-15 4.386148362099844075e-18
2.254841566085815430e+00 2.770473327026560813e-15 4.035403967295838782e-18
2.271789073944091797e+00 2.575253783059332651e-15 3.812574779031909826e-18
2.288642168045043945e+00 2.297422525753964564e-15 3.678581599179321216e-18
2.305401563644409180e+00 2.029531016795136097e-15 3.516456598435103931e-18
2.322065830230712891e+00 1.889676062139513730e-15 3.352796796860179761e-18
2.338638305664062500e+00 1.720274612381108805e-15 3.262188842491554877e-18
2.355119943618774414e+00 1.780237323374999390e-15 3.335715492831984606e-18
2.371509075164794922e+00 1.794846488708251911e-15 3.220360566733804455e-18
2.387808799743652344e+00 1.770590870833599657e-15 3.246899048306903773e-18
2.404019832611083984e+00 1.930821522368112128e-15 3.331735381008726575e-18
2.420143365859985352e+00 2.049647675634066783e-15 3.313465971872235517e-18
2.436178207397460938e+00 2.025936028200806147e-15 3.275689541639109944e-18
2.452126979827880859e+00 2.019010717799283093e-15 3.444806645170933374e-18
2.467990875244140625e+00 1.928820437452987019e-15 3.371309222057743657e-18
2.483770608901977539e+00 1.836349726109036671e-15 3.231001509824980643e-18
2.499466896057128906e+00 1.708302770586940188e-15 3.147186690638805846e-18
2.515080690383911133e+00 1.517227484542171028e-15 2.962030200465514372e-18
2.530612230300903320e+00 1.363249187251176668e-15 2.844597288535603751e-18
2.546062946319580078e+00 1.267232508518111010e-15 2.838632721550611464e-18
2.561433792114257812e+00 1.206967469974547037e-15 2.732951815134211238e-18
2.576725959777832031e+00 1.211293436855680874e-15 2.737293874538415617e-18
2.591940164566040039e+00 1.192631622181007841e-15 2.756873619874795267e-18
2.607077121734619141e+00 1.284115876838978542e-15 2.703412743194428537e-18
2.622138023376464844e+00 1.439893236151064243e-15 2.882032775251526508e-18
2.637123346328735352e+00 1.563822577247840777e-15 3.005801876186310323e-18
2.652034282684326172e+00 1.625715272545063858e-15 3.109932823686067451e-18
2.666871547698974609e+00 1.363839466191566891e-15 2.780928691062734014e-18
2.681635856628417969e+00 1.037667253321786440e-15 2.446825355871483995e-18
2.696328401565551758e+00 1.053697561225838166e-15 2.536484313417409408e-18
2.710949897766113281e+00 1.113524437842282790e-15 2.636450225634328240e-18
2.725501060485839844e+00 1.185092891317008574e-15 2.655844525454682501e-18
2.739982366561889648e+00 1.283245983835910335e-15 2.765842593292582688e-18
2.754394531250000000e+00 1.317549850355448998e-15 2.671149551884258891e-18
2.768738746643066406e+00 1.208282243582912134e-15 2.648569660493978592e-18
2.783015966415405273e+00 1.212540323818624902e-15 2.752224644192981198e-18
2.797226905822753906e+00 1.265065150312399125e-15 2.765875635813694320e-18
2.811372280120849609e+00 1.234067676457207706e-15 2.773153581038465510e-18
2.825453281402587891e+00 1.318078565339265779e-15 2.714945860388254393e-18
2.839468955993652344e+00 1.335593938541692557e-15 2.779135610110234089e-18
2.853421211242675781e+00 1.336485192949596115e-15 2.777124280064212231e-18
2.867311000823974609e+00 1.414320349902815897e-15 2.858478385563401233e-18
2.881139039993286133e+00 1.478144741997046276e-15 2.891215116320924784e-18
2.894905805587768555e+00 1.524110323343110446e-15 2.956172182766778055e-18
2.908610820770263672e+00 1.587328289140936796e-15 2.995669204925148242e-18
2.922256231307983398e+00 1.661755265460882392e-15 3.119712814483304990e-18
2.935843229293823242e+00 1.743291999520525617e-15 3.163187628883300621e-18
2.949370384216308594e+00 1.686580335390108307e-15 3.102722892451164639e-18
2.962839603424072266e+00 1.769038849379340468e-15 3.206430266609921267e-18
2.976251840591430664e+00 1.853696098826034594e-15 3.241932108291536196e-18
2.989607334136962891e+00 1.925586846775845384e-15 3.232583775736427450e-18
3.002905607223510742e+00 1.905229163951177626e-15 3.210098128699292646e-18
3.016149520874023438e+00 1.923228627805588292e-15 3.293554959708157698e-18
3.029337882995605469e+00 2.000527544948497083e-15 3.289166014000576841e-18
3.042471408843994141e+00 1.999115276604966003e-15 3.268068589323735586e-18
3.055552244186401367e+00 1.903704523857527189e-15 3.079700781559247076e-18
3.068578243255615234e+00 1.858177972868434846e-15 3.220990466626915134e-18
3.081552505493164062e+00 1.747249018649097316e-15 3.117037496264573212e-18
3.094474792480468750e+00 1.586065446492269031e-15 2.949812172550891340e-18
3.107344627380371094e+00 1.499916789006236923e-15 2.878955390290312464e-18
3.120164632797241211e+00 1.381509858863595838e-15 2.758047216122085242e-18
3.132932424545288086e+00 1.227266670092210277e-15 2.598120563457047498e-18
3.145651817321777344e+00 1.084039600472611334e-15 2.506151355812436295e-18
3.158320188522338867e+00 9.880446655766432464e-16 2.381383106968341316e-18
3.170940637588500977e+00 9.172152746194905811e-16 2.385087198120104378e-18
3.183511734008789062e+00 8.673221775535745642e-16 2.280886373501062822e-18
3.196035623550415039e+00 8.120767658571899313e-16 2.209667922289425568e-18
3.208510875701904297e+00 7.929777576385061554e-16 2.190415800199707517e-18
3.220940351486206055e+00 8.151479352185540319e-16 2.155845071380654964e-18
3.233321666717529297e+00 8.399475865351038094e-16 2.192801741168540299e-18
3.245658397674560547e+00 9.188182110039201020e-16 2.294941512722794301e-18
3.257948398590087891e+00 1.014779695265617109e-15 2.336136028344719097e-18
3.270194292068481445e+00 1.090071134044307215e-15 2.415126709830458910e-18
3.282393693923950195e+00 1.216279931137602041e-15 2.571159114824604481e-18
3.294549942016601562e+00 1.264794511272656247e-15 2.627925455260109256e-18
3.306661128997802734e+00 1.127149296563540569e-15 2.435460420322005495e-18
3.318729877471923828e+00 6.432313474146424453e-16 1.996465740371833525e-18
3.330755710601806641e+00 4.085423592008579173e-16 1.696804151706829521e-18
3.341957569122314453e+00 4.780857262195164668e-16 1.793958538976495748e-18
3.353900432586669922e+00 6.556953619690027678e-16 2.002782422090281539e-18
3.365802049636840820e+00 8.484473945138606087e-16 2.255439469169655218e-18
3.377661228179931641e+00 9.446359149923601271e-16 2.245267594614351855e-18
3.389479875564575195e+00 9.782746980698281144e-16 2.321300919543976146e-18
3.401257276535034180e+00 9.851823552617729765e-16 2.355144797003814048e-18
3.412993907928466797e+00 9.450284040045833473e-16 2.325726848692186818e-18
3.424691438674926758e+00 9.503383701066854247e-16 2.288057661189465748e-18
3.436348676681518555e+00 9.431935239192248689e-16 2.326412731382115093e-18
3.447966814041137695e+00 9.563059603085646100e-16 2.375270783787457624e-18
3.459546327590942383e+00 9.545325529757120035e-16 2.319819993203631304e-18
3.471086978912353516e+00 9.627698327671608543e-16 2.335100823772857088e-18
3.482589006423950195e+00 9.683712603525645843e-16 2.296295108620657362e-18
3.494053363800048828e+00 9.972668063505617350e-16 2.350178406099584312e-18
3.505480289459228516e+00 1.040064492593194018e-15 2.451191239567794604e-18
3.516869306564331055e+00 1.079334949245145729e-15 2.396696178095119358e-18
3.528221845626831055e+00 1.117960292441046327e-15 2.410314937259268888e-18
3.539538621902465820e+00 1.163433397365352323e-15 2.477262672469860058e-18
3.550817966461181641e+00 1.223274207086024619e-15 2.546816345070008756e-18
3.562061309814453125e+00 1.282351933294480226e-15 2.607889082271077049e-18
3.573269367218017578e+00 1.322445691424670971e-15 2.612492959650218556e-18
3.584442615509033203e+00 1.382481047059630373e-15 2.652205618230539383e-18
3.595579862594604492e+00 1.447165323819065028e-15 2.764424079195160614e-18
3.606682538986206055e+00 1.515145835881429530e-15 2.795464010695037308e-18
3.617750644683837891e+00 1.587396201905550129e-15 2.885577240618068985e-18
3.628784894943237305e+00 1.686103973234441138e-15 2.949831598181812694e-18
3.639785289764404297e+00 1.747699867201185607e-15 2.978943560010240978e-18
3.650751829147338867e+00 1.851291886310623180e-15 3.092534355314535675e-18
3.661685228347778320e+00 1.903268748377382626e-15 3.205108504141484782e-18
3.672585010528564453e+00 1.970018132039419175e-15 3.152609078644816876e-18
3.683452129364013672e+00 2.112539623410404528e-15 3.289418248974030876e-18
3.694287061691284180e+00 2.146949527306951532e-15 3.299419009481443165e-18
3.705090045928955078e+00 2.210397910606943434e-15 3.321402619468345528e-18
3.715860366821289062e+00 2.257032768337733017e-15 3.289970880309605109e-18
3.726599216461181641e+00 2.297124929835094585e-15 3.389982906346834972e-18
3.737305879592895508e+00 2.357083969509324286e-15 3.473782011770075378e-18
3.747981548309326172e+00 2.425620565474458475e-15 3.516949677451565722e-18
3.758626937866210938e+00 2.486511081163388448e-15 3.573591058280957935e-18
3.769241333007812500e+00 2.511785054525839613e-15 3.692996695720363093e-18
3.779824733734130859e+00 2.543312429699878126e-15 3.693703925527222829e-18
3.790378093719482422e+00 2.546862339450919782e-15 3.547779084329613599e-18
3.800901889801025391e+00 2.558962963959501865e-15 3.498785707189158702e-18
3.811394929885864258e+00 2.650772620382342146e-15 3.652413786669319937e-18
3.821858644485473633e+00 2.711421302680171444e-15 3.725677254604487190e-18
3.832293033599853516e+00 2.708256739395002602e-15 3.738848971763130318e-18
3.842698335647583008e+00 2.698267925795646234e-15 3.694710238410456247e-18
3.853074550628662109e+00 2.742120090044954874e-15 3.724289957621445926e-18
3.863422870635986328e+00 2.814356573832385346e-15 3.717905116191844982e-18
3.873741865158081055e+00 2.827792010172031806e-15 3.741756631022806049e-18
3.884032726287841797e+00 2.857138506682254549e-15 3.824225349304790197e-18
3.894295930862426758e+00 2.846343252040250904e-15 3.808581941753188787e-18
3.904531002044677734e+00 2.930020970151702344e-15 3.848439836446778916e-18
3.914738416671752930e+00 2.906660441014016896e-15 3.926708649071226067e-18
3.924918413162231445e+00 2.911863949049236859e-15 3.926302918434731900e-18
3.935070753097534180e+00 2.888908665727161021e-15 3.837301129721950373e-18
3.945196628570556641e+00 2.871226336363865352e-15 3.901723564853235600e-18
3.955295085906982422e+00 2.880032627677659268e-15 3.893568994325418003e-18
3.965367078781127930e+00 2.938460912515307708e-15 4.031511392148040454e-18
3.975412845611572266e+00 2.971700280654775948e-15 4.128431727752010717e-18
3.985432147979736328e+00 2.915688755269669419e-15 4.062651631696437504e-18
3.995424985885620117e+00 2.962511587143384978e-15 4.041107224595812239e-18
4.005392074584960938e+00 2.918088340533933360e-15 3.989142871078031914e-18
4.015333652496337891e+00 2.918285857069731096e-15 3.939984750087719907e-18
4.025249481201171875e+00 2.893629157235659613e-15 4.013469640402633841e-18
4.035140037536621094e+00 2.840744697038911225e-15 3.860571320049978505e-18
4.045005798339843750e+00 2.922793356973111220e-15 3.998699024645995940e-18
4.054845809936523438e+00 2.898861082631837724e-15 3.892705356905665124e-18
4.064661502838134766e+00 2.886311812406235821e-15 3.944756231345910342e-18
4.074451923370361328e+00 2.842079418973094728e-15 3.945485225060238167e-18
4.084218025207519531e+00 2.755874733408038744e-15 3.912831665152850457e-18
4.093959808349609375e+00 2.863302876714477631e-15 3.983453368717758140e-18
4.103677749633789062e+00 2.771313269493483324e-15 3.867939166564915859e-18
4.113371372222900391e+00 2.673600677675501213e-15 3.809575163087491164e-18
4.123041152954101562e+00 2.644672207369473532e-15 3.769462722946851817e-18
4.132687091827392578e+00 2.613396647708926298e-15 3.674257182948445692e-18
4.142309665679931641e+00 2.596426914822038533e-15 3.680306853062660967e-18
4.151908874511718750e+00 2.526256750321265129e-15 3.652631066835695161e-18
4.161485195159912109e+00 2.444549453413075686e-15 3.583849470100028377e-18
4.171038150787353516e+00 2.354167948963167499e-15 3.453373364734839765e-18
4.180568218231201172e+00 2.248235203764497587e-15 3.454508628366364361e-18
4.190075397491455078e+00 2.097910174465552035e-15 3.375106902832362205e-18
4.199559688568115234e+00 1.954393381894187537e-15 3.252321333487404524e-18
4.209021568298339844e+00 1.793674102206519946e-15 3.088432944217413374e-18
4.218461036682128906e+00 1.629277532890962197e-15 2.998788609873551070e-18
4.227878570556640625e+00 1.508474048107789221e-15 2.882968166126705880e-18
4.237273693084716797e+00 1.449864098668275694e-15 2.862923412860004751e-18
4.246647357940673828e+00 1.391374881615827416e-15 2.798112680348601523e-18
4.255999565124511719e+00 1.393164643260649951e-15 2.781203676066104738e-18
4.265329360961914062e+00 1.383858156021933316e-15 2.702725341589906032e-18
4.274638175964355469e+00 1.365543677060058413e-15 2.793879924454388703e-18
4.283925056457519531e+00 1.408668710136492369e-15 2.871252695103800772e-18
4.293190479278564453e+00 1.392710170046179201e-15 2.835799367867319297e-18
4.302435398101806641e+00 1.368600553366745233e-15 2.705531124993358229e-18
4.311659336090087891e+00 1.335641468672964062e-15 2.702175839107136371e-18
4.320862770080566406e+00 1.352819017967973135e-15 2.754947349045313395e-18
4.330044746398925781e+00 1.331205394603116418e-15 2.684977522550877972e-18
4.339206218719482422e+00 1.281549085899467542e-15 2.691354854044976306e-18
4.348347187042236328e+00 1.239513565412078700e-15 2.671544072322325685e-18
4.357468128204345703e+00 1.224403369613561617e-15 2.645950225717582944e-18
4.366569042205810547e+00 1.215513187831216979e-15 2.624334055323565177e-18
4.375649929046630859e+00 1.169194432342631483e-15 2.643115318205243669e-18
4.384710311889648438e+00 1.156938418840065344e-15 2.681440975431002463e-18
4.393750667572021484e+00 1.103420305844391423e-15 2.604849170782352193e-18
4.402771472930908203e+00 1.057012052729248716e-15 2.583196475988040119e-18
4.411772727966308594e+00 1.059321740292140542e-15 2.523085623909613548e-18
4.420754909515380859e+00 1.002938068647406702e-15 2.495104468371623523e-18
4.429717063903808594e+00 9.165336631342343629e-16 2.357987065658768883e-18
4.438659667968750000e+00 8.785783676811264752e-16 2.360043061459647338e-18
4.447583675384521484e+00 8.478029553931349963e-16 2.335769846739292454e-18
4.456488609313964844e+00 7.992708240236540914e-16 2.279502791915169987e-18
4.465374946594238281e+00 7.618183096574005985e-16 2.252673254818974394e-18
4.474241733551025391e+00 7.421701914895697138e-16 2.222885604378322193e-18
4.483089923858642578e+00 6.896558481997805693e-16 2.155159639738956751e-18
4.491919517517089844e+00 6.697066849159485422e-16 2.111400362233457406e-18
4.500730991363525391e+00 6.537483114877028529e-16 2.136164710518574147e-18
4.509523391723632812e+00 6.178055643080438378e-16 2.090288004402225229e-18
4.518297672271728516e+00 5.911402820509813842e-16 2.025437965148488784e-18
4.527053833007812500e+00 5.830582076407477535e-16 2.038417487002246821e-18
4.535792350769042969e+00 5.687743020554615810e-16 1.985165320155558937e-18
4.544512271881103516e+00 5.649978319448364817e-16 2.038746751574911187e-18
4.553214073181152344e+00 5.401065334243312464e-16 2.041197170112230389e-18
4.561898708343505859e+00 5.292844094472688184e-16 1.935169530982688253e-18
4.570565700531005859e+00 5.235148428618990286e-16 1.975724615601150571e-18
4.579214572906494141e+00 5.285950377345542383e-16 1.966204948099706912e-18
4.587845802307128906e+00 5.388587821408297228e-16 2.044586982454329539e-18
4.596459865570068359e+00 5.521926471441343164e-16 2.006296567212070825e-18
4.605057239532470703e+00 5.699607191427138568e-16 2.048984105002892862e-18
4.613636016845703125e+00 5.712402955637399566e-16 2.035020358284871563e-18
4.622198581695556641e+00 5.685902760005437276e-16 2.022827261036020312e-18
4.630744457244873047e+00 5.834902710734954211e-16 2.037926583717132022e-18
4.639272689819335938e+00 5.999878021427115981e-16 2.087318566838395194e-18
4.647783756256103516e+00 6.233218023936311891e-16 2.092175905659358686e-18
4.656279087066650391e+00 6.893060418770116699e-16 2.148436106412638977e-18
4.664757251739501953e+00 7.652586916430509060e-16 2.288086874553184479e-18
4.673218250274658203e+00 7.722317861433583328e-16 2.292794149142075948e-18
4.681663036346435547e+00 7.280431363687455760e-16 2.213842622087154902e-18
4.690092086791992188e+00 7.090432760151697972e-16 2.211248975363342169e-18
4.698503971099853516e+00 6.854085005631891021e-16 2.190070540029861630e-18
4.706900119781494141e+00 6.709948865946873402e-16 2.171141593858008087e-18
4.715280055999755859e+00 6.395565248017450724e-16 2.185205399487653442e-18
4.723643302917480469e+00 6.154175770432534720e-16 2.140124362402781625e-18
4.731991291046142578e+00 5.895146643493509142e-16 2.091428829604435933e-18
4.740323066711425781e+00 5.856301997239875049e-16 2.117564332995427529e-18
4.748638629913330078e+00 5.917720934342376829e-16 2.109422786337578546e-18
4.756938934326171875e+00 5.827072080542357907e-16 2.103743361466868566e-18
4.765223979949951172e+00 5.809153719921329524e-16 1.995821673996209988e-18
4.773492336273193359e+00 5.792720382084115603e-16 2.364907572450654764e-18
4.781745910644531250e+00 5.653057085661990508e-16 2.066922747921094809e-18
4.789984226226806641e+00 5.610345249474764980e-16 2.006026049148591235e-18
4.798206329345703125e+00 5.787438867077561665e-16 2.030881526389345447e-18
4.806413650512695312e+00 6.002540022725482387e-16 2.063184615913465144e-18
4.814606189727783203e+00 6.114139133220043981e-16 2.097057259302374009e-18
4.822782516479492188e+00 6.150445361764723486e-16 2.103610493460676279e-18
4.830945014953613281e+00 6.272292065810082870e-16 2.130805010394411584e-18
4.839091777801513672e+00 6.282796431324942678e-16 2.095895838008420550e-18
4.847223758697509766e+00 6.200745013970715926e-16 2.242699797020749653e-18
4.855340957641601562e+00 6.192838907538627625e-16 2.119222712481608875e-18
4.863443374633789062e+00 6.262785993016765109e-16 2.183965454755851507e-18
4.871531009674072266e+00 6.259356586752503641e-16 2.110030443195417819e-18
4.879604339599609375e+00 6.273626991070026604e-16 2.212390816856295443e-18
4.887662410736083984e+00 6.354719153089506683e-16 2.162376649563272182e-18
4.895707130432128906e+00 6.492847669660589055e-16 2.157638130821479606e-18
4.903736591339111328e+00 6.570017160150491323e-16 2.221780624890478544e-18
4.911751747131347656e+00 6.610416529399060034e-16 2.182642302366438501e-18
4.919753074645996094e+00 6.638071890541768233e-16 2.194363482443594095e-18
4.927739620208740234e+00 6.617528196703211634e-16 2.194301175090276995e-18
4.935712814331054688e+00 6.580930866015923936e-16 2.245953925462826029e-18
4.943671226501464844e+00 6.784803524507099671e-16 2.201628725806239742e-18
4.951615810394287109e+00 6.708613825312302800e-16 2.228684362301848580e-18
4.959546566009521484e+00 6.766571403166646005e-16 2.312281678371165248e-18
4.967463493347167969e+00 7.051122258742286981e-16 2.315656073654839007e-18
4.975366592407226562e+00 7.391441610180865851e-16 2.306571434734971363e-18
4.983255863189697266e+00 7.684340152310647663e-16 2.302396355397358680e-18
4.991131782531738281e+00 7.765016684138783896e-16 2.293721066388000153e-18
4.998993396759033203e+00 7.752380050294940452e-16 2.420082651167151918e-18
5.006842136383056641e+00 7.698124492326311489e-16 2.401820271757677334e-18
5.014677047729492188e+00 7.445366025285503409e-16 2.279451780237694609e-18
5.022498607635498047e+00 7.139572865136877668e-16 2.286985877151982123e-18
5.030306816101074219e+00 7.516382234515564132e-16 2.323578031368478099e-18
5.038101673126220703e+00 7.849876899007757771e-16 2.368695881951186775e-18
5.045883655548095703e+00 8.004369829731681360e-16 2.419176239902899194e-18
5.053651809692382812e+00 8.377006881878118255e-16 2.425113199784667331e-18
5.061407089233398438e+00 8.427843445738664767e-16 2.407047338638398510e-18
5.069149494171142578e+00 8.560894233164964567e-16 2.460236775287496746e-18
5.076878547668457031e+00 8.556589954737687258e-16 2.524109009910936946e-18
5.084595203399658203e+00 8.181761260652448533e-16 2.495727109275691222e-18
5.092298030853271484e+00 8.629617537192891562e-16 2.535505417452494133e-18
5.099988937377929688e+00 9.066055782533556182e-16 2.813517358219096491e-18
5.107666492462158203e+00 8.616449562772090254e-16 2.573804851563910727e-18
5.115332126617431641e+00 8.205733986754999953e-16 2.514309657814414918e-18
5.122983932495117188e+00 8.729427760449602932e-16 2.575743397728336754e-18
5.130624294281005859e+00 8.610934844111367513e-16 2.548415544439549253e-18
5.138251304626464844e+00 8.023015423244928052e-16 2.514232135611672146e-18
5.145866394042968750e+00 7.546595786974882874e-16 2.452297071568075543e-18
5.153468132019042969e+00 7.866373390245253550e-16 2.485772241265908438e-18
5.161058425903320312e+00 8.421897666035453962e-16 2.565575546166922437e-18
5.168635845184326172e+00 8.539878023844910419e-16 2.622239618055232890e-18
5.176201343536376953e+00 8.564405973475431243e-16 2.551609548874624209e-18
5.183754444122314453e+00 9.019255154346614354e-16 2.722236051558149364e-18
5.191295623779296875e+00 9.182731582038069612e-16 2.708089543235707825e-18
5.198823928833007812e+00 8.676143873438865076e-16 2.635275388065056182e-18
5.206341266632080078e+00 7.940930178136497161e-16 2.501869982291806554e-18
5.213845729827880859e+00 7.732319166229920669e-16 2.507558539175324712e-18
5.221338272094726562e+00 7.818466710301866518e-16 2.500425992806387630e-18
5.228818893432617188e+00 8.488143566578851518e-16 2.562587852479179498e-18
5.236288070678710938e+00 8.780382741869029015e-16 2.652660969331103223e-18
5.243745326995849609e+00 8.462779735092949584e-16 2.539663589402504795e-18
5.251190662384033203e+00 8.727785971563455759e-16 2.595613916478979555e-18
5.258624076843261719e+00 8.834117851161899083e-16 2.577088088369223224e-18
5.266046524047851562e+00 8.728148936269599677e-16 2.587334465379517799e-18
5.273456573486328125e+00 7.947525077622377655e-16 2.477224227011838167e-18
